229867528
229900299
229933068
229965837
229998606
230031375
230064144
230096913
230129682
230162451
230195221
230227990
230260759
230293528
230326297
230359066
230391835
230424605
230457374
230490143
231473187
231505957
231538726
231571497
231604266
231637035
231669804
231702579
234422280
234455051
234487820
234520589
234553358
234586127
234618896
234651665
234684434
234717203
234749973
234782742
234815511
234848280
234881049
234913818
234946587
234979357
235012126
235044895
235077667
235110437
235143206
235175977
235208746
235241515
235274284
235307059
248217608
248250379
248283148
248315917
248348686
248381455
248414224
248446993
248479762
248512531
248545301
248578070
248643608
248676377
248709146
248741915
248774685
248807454
248840223
248872995
248905764
248938533
248971302
249004073
249036842
249069611
249102380
249135155
251330568
251363339
251396108
251428877
251461646
251494415
251527184
251559953
251592722
251625491
251658261
251691030
251723800
251756569
251920413
251953182
251985951
252018721
252051491
252084260
252117029
252149798
252182567
252215337
252248106
252280875
252313644
252346419
252379188
252411957
252444726
252477496
252510265
252543034
252575803
252608572
252641341
252674110
252706879
252739648
252772417
252805186
252379188
252411957
252444726
252477496
252510265
252543034
253493256
253526027
253558796
253591565
253624334
253657103
253820940
253853709
253886478
253919247
253952016
253984785
254017554
254050323
254083093
254115862
254148632
254181401
254214173
254246942
